# This file may be used to create an environment using:
# $ conda create --name <env> --file <this file>
# platform: linux-64
backports=1.0=py27_1
backports.weakref=1.0rc1=py27_0
backports_abc=0.5=py27_0
blas=1.0=mkl
bleach=1.5.0=py27_0
ca-certificates=2018.03.07=0
cairo=1.14.8=0
certifi=2018.10.15=py27_0
cudatoolkit=8.0=3
cudnn=6.0.21=cuda8.0_0
cycler=0.10.0=py27_0
dbus=1.13.2=h714fa37_1
expat=2.2.6=he6710b0_0
fontconfig=2.12.1=3
freetype=2.5.5=2
funcsigs=1.0.2=py27_0
futures=3.2.0=py27_0
glib=2.56.2=hd408876_0
gst-plugins-base=1.14.0=hbbd80ab_1
gstreamer=1.14.0=hb453b48_1
html5lib=0.9999999=py27_0
icu=58.2=h9c2bf20_1
intel-openmp=2019.1=144
jpeg=8d=2
kiwisolver=1.0.1=py27hf484d3e_0
lcms=1.19=0
libedit=3.1.20170329=h6b74fdf_2
libffi=3.2.1=hd88cf55_4
libgcc=7.2.0=h69d50b8_2
libgcc-ng=8.2.0=hdf63c60_1
libgfortran-ng=7.3.0=hdf63c60_0
libiconv=1.14=0
libpng=1.6.35=hbc83047_0
libprotobuf=3.6.1=hd408876_0
libstdcxx-ng=8.2.0=hdf63c60_1
libuuid=1.0.3=h1bed415_2
libxcb=1.13=h1bed415_1
libxml2=2.9.8=h26e45fe_1
markdown=3.0.1=py27_0
matplotlib=1.5.1=np111py27_0
mkl=2018.0.3=1
mkl_fft=1.0.6=py27h7dd41cf_0
mkl_random=1.0.1=py27h4414c95_1
mock=2.0.0=py27_0
ncurses=6.1=hf484d3e_0
numpy=1.11.3=py27h3dfced4_4
numpy-base=1.15.4=py27h81de0dd_0
openssl=1.1.1a=h7b6447c_0
pbr=5.1.1=py27_0
pcre=8.42=h439df22_0
pil=1.1.7=py27_2
pip=18.1=py27_0
pixman=0.34.0=hceecf20_3
protobuf=3.6.1=py27he6710b0_0
pycairo=1.13.3=py27hea6d626_0
pyparsing=2.3.0=py27_0
pyqt=4.11.4=py27_4
python=2.7.15=h9bab390_4
python-dateutil=2.7.5=py27_0
pytz=2018.7=py27_0
qt=4.8.7=2
readline=7.0=h7b6447c_5
setuptools=40.6.2=py27_0
singledispatch=3.4.0.3=py27_0
sip=4.18=py27_0
six=1.11.0=py27_1
sqlite=3.25.3=h7b6447c_0
tensorflow-gpu=1.3.0=0
tensorflow-gpu-base=1.3.0=py27cuda8.0cudnn6.0_1
tensorflow-tensorboard=1.5.1=py27hf484d3e_1
tk=8.6.8=hbc83047_0
tornado=5.1.1=py27h7b6447c_0
werkzeug=0.14.1=py27_0
wheel=0.32.3=py27_0
xz=5.2.4=h14c3975_4
zlib=1.2.11=h7b6447c_3
